80
79
0 -40.2545 -40.3937 45.9799
1 -40.1347 -40.8969 46.8358
2 -40.0149 -41.4001 47.6916
3 -39.895 -41.9033 48.5474
4 -39.7752 -42.4065 49.4033
5 -39.6554 -42.9097 50.2591
6 -39.5355 -43.4129 51.1149
7 -39.4157 -43.9161 51.9707
8 -39.2959 -44.4193 52.8266
9 -39.176 -44.9225 53.6824
10 -39.0562 -45.4257 54.5382
11 -38.9364 -45.9288 55.394
12 -38.8166 -46.432 56.2499
13 -38.6967 -46.9352 57.1057
14 -38.5769 -47.4384 57.9615
15 -38.4571 -47.9416 58.8174
16 -38.3372 -48.4448 59.6732
17 -38.2174 -48.948 60.529
18 -38.0976 -49.4512 61.3848
19 -37.9778 -49.9544 62.2407
20 -37.8579 -50.4576 63.0965
21 -37.7381 -50.9608 63.9523
22 -37.6183 -51.4639 64.8081
23 -37.4984 -51.9671 65.664
24 -37.3786 -52.4703 66.5198
25 -37.2588 -52.9735 67.3756
26 -37.139 -53.4767 68.2315
27 -37.0191 -53.9799 69.0873
28 -36.8993 -54.4831 69.9431
29 -36.7795 -54.9863 70.7989
30 -36.6596 -55.4895 71.6548
31 -36.5398 -55.9927 72.5106
32 -36.42 -56.4959 73.3664
33 -36.3002 -56.999 74.2222
34 -36.1803 -57.5022 75.0781
35 -36.0605 -58.0054 75.9339
36 -35.9407 -58.5086 76.7897
37 -35.8208 -59.0118 77.6455
38 -35.701 -59.515 78.5014
39 -35.5812 -60.0182 79.3572
40 -35.4614 -60.5214 80.213
41 -35.3415 -61.0246 81.0689
42 -35.2217 -61.5278 81.9247
43 -35.1019 -62.031 82.7805
44 -34.982 -62.5341 83.6363
45 -34.8622 -63.0373 84.4922
46 -34.7424 -63.5405 85.348
47 -34.6226 -64.0437 86.2038
48 -34.5027 -64.5469 87.0596
49 -34.3829 -65.0501 87.9155
50 -34.2631 -65.5533 88.7713
51 -34.1432 -66.0565 89.6271
52 -34.0234 -66.5597 90.483
53 -33.9036 -67.0629 91.3388
54 -33.7838 -67.5661 92.1946
55 -33.6639 -68.0693 93.0504
56 -33.5441 -68.5724 93.9063
57 -33.4243 -69.0756 94.7621
58 -33.3044 -69.5788 95.6179
59 -33.1846 -70.082 96.4737
60 -33.0648 -70.5852 97.3296
61 -32.945 -71.0884 98.1854
62 -32.8251 -71.5916 99.0412
63 -32.7053 -72.0948 99.897
64 -32.5855 -72.598 100.753
65 -32.4656 -73.1012 101.609
66 -32.3458 -73.6044 102.465
67 -32.226 -74.1075 103.32
68 -32.1061 -74.6107 104.176
69 -31.9863 -75.1139 105.032
70 -31.8665 -75.6171 105.888
71 -31.7467 -76.1203 106.744
72 -31.6268 -76.6235 107.599
73 -31.507 -77.1267 108.455
74 -31.3872 -77.6299 109.311
75 -31.2673 -78.1331 110.167
76 -31.1475 -78.6363 111.023
77 -31.0277 -79.1395 111.879
78 -30.9079 -79.6426 112.734
79 -30.788 -80.1458 113.59
80 -30.6682 -80.649 114.446
81 -30.5484 -81.1522 115.302
82 -30.4285 -81.6554 116.158
83 -30.3087 -82.1586 117.014
84 -30.1889 -82.6618 117.869
85 -30.0691 -83.165 118.725
86 -29.9492 -83.6682 119.581
87 -29.8294 -84.1714 120.437
88 -29.7096 -84.6746 121.293
89 -29.5897 -85.1777 122.149
90 -29.4699 -85.6809 123.004
91 -29.3501 -86.1841 123.86
92 -29.2303 -86.6873 124.716
93 -29.1104 -87.1905 125.572
94 -28.9906 -87.6937 126.428
95 -28.8708 -88.1969 127.284
96 -28.7509 -88.7001 128.139
97 -28.6311 -89.2033 128.995
98 -28.5113 -89.7065 129.851
99 -28.3915 -90.2097 130.707
100 -28.2716 -90.7129 131.563
101 -28.1518 -91.216 132.418
102 -28.032 -91.7192 133.274
103 -27.9121 -92.2224 134.13
104 -27.7923 -92.7256 134.986
105 -27.6725 -93.2288 135.842
106 -27.5527 -93.732 136.698
107 -27.4328 -94.2352 137.553
108 -27.313 -94.7384 138.409
109 -27.1932 -95.2416 139.265
110 -27.0733 -95.7448 140.121
111 -26.9535 -96.248 140.977
112 -26.8337 -96.7511 141.833
113 -26.7139 -97.2543 142.688
114 -26.594 -97.7575 143.544
115 -26.4742 -98.2607 144.4
116 -26.3544 -98.7639 145.256
117 -26.2345 -99.2671 146.112
118 -26.1147 -99.7703 146.968
119 -25.9949 -100.273 147.823
